box n=15 max=20 degree=13 all=15504 primitive=15504 all_pivot_failures=0
  denominator=187263384363095042
  minimum_best_tuple=1,2,3,4,5,7,8,9,10,11,12,13,14,15,16,
  best_score_numerator=1104634097904616984
  pivot_rows=(speed,score_numerator,safe_count): (1,-692660041688192,0) (2,-644807240663060,0) (3,-1855238446021008,0) (4,371264189846771488,2) (5,370540755900338320,2) (7,367572520203014768,2) (8,367434177252142936,2) (9,739093438735310708,4) (10,364693493953713436,2) (11,736323709884141372,4) (12,737184336813512456,4) (13,731687009876765000,4) (14,734610534783877196,4) (15,359696265886619728,2) (16,1104634097904616984,6)
box n=16 max=20 degree=14 all=4845 primitive=4845 all_pivot_failures=0
  denominator=9050972916689633280
  minimum_best_tuple=1,2,3,4,5,7,8,9,10,11,12,13,14,15,16,17,
  best_score_numerator=35621799088585310208
  pivot_rows=(speed,score_numerator,safe_count): (1,0,0) (2,0,0) (3,-96674642945507328,0) (4,18002831905710931968,2) (5,-164596328863629312,0) (7,17742653867015143424,2) (8,17799075850659823616,2) (9,-415844557147996160,0) (10,17689243689483894784,2) (11,17492541499138899968,2) (12,35621799088585310208,4) (13,35472081092956782592,4) (14,35550071208371814400,4) (15,35514126598087770112,4) (16,35470777648168173568,4) (17,35195744296920416256,4)
box n=17 max=21 degree=15 all=5985 primitive=5985 all_pivot_failures=0
  denominator=465223496362924445762
  minimum_best_tuple=1,2,3,4,5,7,8,9,10,11,12,13,14,15,16,17,18,
  best_score_numerator=1834398820381645118982
  pivot_rows=(speed,score_numerator,safe_count): (1,-5854773503331974638,0) (2,-5726285756394919340,0) (3,-9395761977425487606,0) (4,-11574182463485707080,0) (5,-16839891249484769194,0) (7,904946950235809458842,2) (8,912968905101230124168,2) (9,1834398820381645118982,4) (10,1829172165729027858620,4) (11,1821882593038324027690,4) (12,1824167476566701280536,4) (13,882779811399650814566,2) (14,888734977292709456832,2) (15,887412163239692639094,2) (16,890837995446790335020,2) (17,1812141892476029797414,4) (18,1810447235264537701992,4)
box n=18 max=22 degree=15 all=7315 primitive=7315 all_pivot_failures=0
  denominator=964830026304793346048
  minimum_best_tuple=1,2,3,4,5,6,7,8,9,10,11,12,13,14,15,16,17,19,
  best_score_numerator=1911248237360633085952
  pivot_rows=(speed,score_numerator,safe_count): (1,0,0) (2,0,0) (3,-10097181988617191424,0) (4,-11348181747192823808,0) (5,1911248237360633085952,2) (6,-27466868134879690752,0) (7,1891062908826358382592,2) (8,-39023069594340294656,0) (9,-56348169506861875200,0) (10,1882341879314802278400,2) (11,1847311706520515772416,2) (12,-69275765942469525504,0) (13,1841605741439411552256,2) (14,1853275655950489878528,2) (15,1850623719049873326080,2) (16,-94000965884613492736,0) (17,1807412568070723469312,2) (19,1784253723589899976704,2)
box n=20 max=24 degree=17 all=10626 primitive=10626 all_pivot_failures=0
  denominator=3070649849999703461199872
  minimum_best_tuple=1,2,3,4,5,6,7,8,9,10,11,12,13,14,15,16,17,18,19,21,
  best_score_numerator=18028813942523103765594112
  pivot_rows=(speed,score_numerator,safe_count): (1,-12651763506147127984128,0) (2,-14705482166321758601216,0) (3,6091985798244318122344448,2) (4,-34995199152132860411904,0) (5,-60234278090536089550848,0) (6,6061556119734792543797248,2) (7,6010296689349974356131840,2) (8,-121110549103593947136000,0) (9,12123961818056878799978496,4) (10,-133081523720658662719488,0) (11,5956789663715054961295360,2) (12,5982028054812932183949312,2) (13,5914729217102960871866368,2) (14,5893232677442194093375488,2) (15,5851137840297270695952384,2) (16,-322035366747800515903488,0) (17,5808644418441719943004160,2) (18,11972684805672646813679616,4) (19,5818616854706900742176768,2) (21,18028813942523103765594112,6)
